you:+8,+6,+10,+9,+6,+7,+13,+4,+3,+13,+2,
cpu:+1,+5,+10,+12,+12,+4,+4,+1,+7,+6,+12,
you:[6,4,6,7],bad,+9,+11,+13,+9,pass
cpu:[5,4,4,1]
you:+11,[6,6,4,7],bad,+8,+7,+,+9,pass
cpu:[12,10,12,7]
you:+2,[13,11,10,13]
cpu:+3,pass
you:[9,9,7,3]
cpu:[6,12,3,1]
you:lose
--------
you:+7,+10,+13,+12,+9,+2,+4,+8,+12,+4,+11,
cpu:+9,+11,+7,+6,+12,+10,+6,+8,+13,+3,+4,
you:+2,[8,12,9],bad,+13,+11,+9,pass
cpu:[8,6,4,13]
you:+3,[12,10,8,11],bad,+,+9,+1,+5,pass
cpu:[6,12,11]
you:[13,12,13]
cpu:+5,pass
you:[5,7]
cpu:-
you:[4,4,3]
cpu:[9,10,3]
you:[8,12,11],bad,+1,+7,+4,pass
cpu:[5,7]
you:lose
--------
you:+,+7,+11,+,+6,+10,+9,+3,+8,+12,+5,
cpu:+1,+1,+2,+7,+13,+13,+6,+6,+11,+10,+10,
you:[=5,=7]
cpu:-
you:[5,7]
cpu:-
you:[12,10,8,6,3,9,11],bad,+11,+11,+12,+8,+4,+3,+1,pass
cpu:[7,6,2,13]
you:[9,10,12,11],bad,+12,+5,+13,+10,pass
cpu:[6,1]
you:[8,3]
cpu:[10,1]
you:[12,13]
cpu:pass
you:[1,5,3],bad,+4,+4,+5,pass
cpu:[13,10,11]
you:lose
--------
you:+12,+11,+7,+7,+3,+1,+5,+13,+11,+9,+4,
cpu:+9,+6,+3,+2,+1,+5,+8,+13,+,+4,+11,
you:[5,7],[1,9,*,3]
cpu:[13,1]
you:+,[12,13]
cpu:pass
you:[=13,11,11]
cpu:+9,pass
you:[4,7]
cpu:lose
--------
you:+5,+13,+12,+9,+7,+4,+10,+5,+8,+10,+13,
cpu:+3,+1,+4,+,+2,+10,+12,+11,+7,+2,+4,
you:+6,[4,5,5,6,7,8,9],bad,+10,+12,+2,+1,+7,+8,+13,pass
cpu:[=13,12],[2,^,4,*,2,*,4,1]
you:[13,13][13,*,10,1]
cpu:pass
you:+4,[12,12,10,10,8,8,6,5,5,4,4,7]
cpu:+3,pass
you:+9,[2,7,9,9],bad,+12,+11,+3,+1,pass
cpu:[11]
you:+5,pass
cpu:[3,3,10,7]
you:lose
--------
you:+9,+13,+12,+9,+12,+3,+7,+1,+1,+5,+9,
cpu:+4,+3,+10,+2,+2,+1,+,+8,+9,+2,+2,
you:+7,[12,12,9,9,13],bad,+4,+13,+4,+6,+11,pass
cpu:[9,2],[2,*,2,*,2,3]
you:+10,[12,13]
cpu:pass
you:+13,[13,13,12,11,10,9]
cpu:pass
you:+3,[4,4,3]
cpu:[4,8,=7]
you:+10,[7,10,9]
cpu:+7,pass
you:+5,[5,6,5,3]
cpu:+11,pass
you:+6,[6,1]
cpu:[10,1]
you:+1,pass
cpu:[11]
you:+5,pass
cpu:[7]
you:lose
--------
you:+7,+9,+10,+11,+10,+11,+5,+13,+4,+10,+5,
cpu:+4,+8,+2,+,+8,+6,+3,+2,+1,+1,+7,
you:+9,[11,13,11,10,10,10,9,9,7,5,5,4],bad,+1,+5,+6,+8,+13,+13,+9,+3,+12,+7,+3,+13,pass
cpu:[=]
you:-
cpu:[8,8,2,6],[2,*,3,*,1,4,7,1]
you:lose
--------
you:+13,+6,+13,+9,+4,+11,+10,+7,+8,+9,+2,
cpu:+11,+12,+12,+2,+7,+8,+4,+13,+3,+1,+3,
you:[13,13,11,10,9,9,8,7,6,4,2],bad,+12,+12,+8,+6,+11,+4,+1,+10,+10,+9,+7,pass
cpu:[13,12,1]
you:[10,11,13]
cpu:+7,pass
you:+5,[9,9,7]
cpu:[7,12,8],[2,^,3,*,3,^,4,*,11]
you:+5,[10,11,13]
cpu:pass
you:+1,[8,8,6,1]
cpu:+6,pass
you:+2,[1,7,2,9]
cpu:pass
you:+,[5]
cpu:pass
you:+11,[5]
cpu:pass
you:+5,[5]
cpu:pass
you:+3,[4,4,3]
cpu:pass
you:+6,[6,10,2,=9,11]
cpu:+5,pass
you:+1,[6,12,12,1],bad,+10,+2,+3,+,pass
cpu:[6,7]
you:+13,[6,1]
cpu:pass
you:[12,12,13],bad,+4,+8,+9,pass
cpu:[5]
you:lose
--------
you:+1,+5,+8,+,+5,+6,+9,+11,+13,+1,+12,
cpu:+6,+5,+2,+4,+12,+2,+8,+1,+7,+9,+4,
you:[1],[5,*,6,*,8],bad,+8,+6,+10,+13,pass
cpu:[4,4,8,12],[2,*,2,*,1,7,*,6,5,9]
you:lose
--------
you:+2,+13,+7,+13,+1,+6,+12,+11,+10,+3,+8,
cpu:+3,+,+2,+9,+9,+10,+4,+10,+5,+1,+2,
you:+4,[7,2,8,1],[3,^,6],bad,+11,+6,+12,+11,+3,+1,pass
cpu:[5,4,10,1]
you:pass
cpu:[9,3,10,=13]
you:pass
cpu:[2,2,9]
you:lose
--------
you:+13,+5,+1,+10,+13,+9,+13,+11,+13,+11,+3,
cpu:+★,+5,+1,+10,+1,+6,+8,+9,+12,+12,+2,
you:+9,[9,13,13,13,13,11,10,5],bad,+4,+4,+11,+3,+7,+9,+6,+2,pass
cpu:[6,12,1,1]
you:[13,11,10,13]
cpu:pass
you:[5,7][3,*,1,9]
cpu:[5,12],[2,^,9]
you:[9,11]
cpu:pass
you:[6,4,9],bad,+12,+8,+4,pass
cpu:[8,10,★=1]
you:lose
--------
you:+6,+5,+7,+10,+8,+1,+8,+7,+13,+12,+12,
cpu:+2,+1,+9,+10,+9,+2,+7,+6,+10,+3,+3,
you:[8,8,7,7,6,12,12,13,10,1,5],bad,+8,+3,+6,+13,+5,+8,+2,+5,+12,+★,+1,pass
cpu:[6],[2,*,3]
you:+5,[13]
cpu:+4,pass
you:+13,[13,13,12,12,12,10,8,8,8,8,7,7,6,6,5,5,5,5,3,2],bad,+4,+6,+4,+1,+2,+12,+7,+10,+11,+9,+★,+4,+11,+11,+3,+11,+9,+13,+2,+3,pass
cpu:[9,4,2,1]
you:[13,11,12,11]
cpu:pass
you:[1,7,2,9][7,*,1,3,*,1,9]
cpu:[9,10,10,3]
you:[12,12,12,11]
cpu:pass
you:[4,4,3]
cpu:+6,pass
you:[5,6,5,3]
cpu:+13,pass
you:[4,7]
cpu:[6,7]
you:[10,13]
cpu:pass
you:+9,[5,6,5,9]
cpu:+4,pass
you:+2,[8][2,*,2,*,2]
cpu:+1,pass
you:+13,[8,8,6,★=7]
cpu:+11,pass
you:[13,11,10,13]
cpu:+12,pass
you:[8,★=11]
cpu:lose
--------
you:+2,+4,+11,+13,+1,+★,+6,+12,+13,+8,+3,
cpu:+1,+5,+10,+1,+1,+4,+12,+4,+8,+11,+8,
you:[6][2,*,3]
cpu:[11]
you:+3,[13]
cpu:+9,pass
you:+3,[13,11,12,4,3,3,1,8],bad,+6,+6,+4,+9,+3,+5,+13,+9,pass
cpu:[5,4,4,1]
you:+2,pass
cpu:[9,10,12,1]
you:+10,[13,10,12,11]
cpu:pass
you:+11,[6,5,6,1][3,^,8]
cpu:+12,pass
you:[4,4,3]
cpu:+12,[8,8,1]
you:+★,[13,★=13,11]
cpu:+5,pass
you:+11,[2,9]
cpu:+7,pass
you:[9,11]
cpu:+2,pass
you:[★=1,3]
cpu:lose
--------